
6117227
4965061
9782018
6476875
2999362
1607995
4605563
5288741
4506450
8722083
1707633
7709238
508434
173909
3278363
1755063
7259131
3970691
5228194
5227068
3871849
7760383
1003256
3226011
3233388
682916
6291116
9229486
5197869
5574011
1719628
2545806
4126577
2586033
6742464
1727096
3492949
7542761
9085170
8941403
4097219
812983
4215123
9861184
5839515
4776156
6732669
4933765
5568035
4613270
5819974
2228454
3324603
1356140
3388536
81600
5787782
7390408
7505405
998850
5176535
7779230
2257946
3736826
8429527
4204393
7466584
5212436
4563126
4660228
1118231
6733550
5330898
3374745
4914955
2705412
204857
9119472
7135244
2288267
6927584
506764
8705943
6234182
5694638
8058355
8675729
1406070
2719125
1434833
2230088
803125
6556300
4625418
6362640
578359
6067817
9543399
7535593
2396704
