81600
173909
204857
506764
508434
578359
682916
803125
812983
998850
1003256
1118231
1356140
1406070
1434833
1607995
1707633
1719628
1727096
1755063
2228454
2230088
2257946
2288267
2396704
2545806
2586033
2705412
2719125
2999362
3226011
3233388
3278363
3324603
3374745
3388536
3492949
3736826
3871849
3970691
4097219
4126577
4204393
4215123
4506450
4563126
4605563
4613270
4625418
4660228
4776156
4914955
4933765
4965061
5176535
5197869
5212436
5227068
5228194
5288741
5330898
5568035
5574011
5694638
5787782
5819974
5839515
6067817
6117227
6234182
6291116
6362640
6476875
6556300
6732669
6733550
6742464
6927584
7135244
7259131
7390408
7466584
7505405
7535593
7542761
7709238
7760383
7779230
8058355
8429527
8675729
8705943
8722083
8941403
9085170
9119472
9229486
9543399
9782018
9861184
